accuracy: 0.9866

              precision    recall  f1-score   support

           A       0.99      0.99      0.99       436
           B       0.99      1.00      0.99       430
           C       1.00      1.00      1.00       360
           D       1.00      0.99      0.99       502
           E       0.99      0.99      0.99       465
           F       1.00      1.00      1.00       583
           G       0.99      1.00      0.99       489
           H       0.99      0.99      0.99       453
           I       0.99      0.98      0.99       470
           J       0.99      0.99      0.99       487
           K       0.99      0.99      0.99       567
           L       1.00      0.99      1.00       502
           M       0.90      0.96      0.93       329
           N       0.95      0.90      0.92       268
           O       0.99      1.00      0.99       452
           P       1.00      0.98      0.99       411
           Q       0.98      0.99      0.99       454
           R       0.98      0.98      0.98       519
           S       0.99      0.99      0.99       537
           T       0.99      0.99      0.99       463
           U       0.98      0.97      0.98       468
           V       0.99      0.98      0.99       489
           W       0.99      0.98      0.99       478
           X       0.99      0.98      0.98       455
           Y       0.99      1.00      1.00       517
           Z       0.99      0.99      0.99       470
      delete       0.97      1.00      0.98       353
     nothing       0.00      0.00      0.00         0
       space       0.98      0.98      0.98       309

    accuracy                           0.99     12716
   macro avg       0.95      0.95      0.95     12716
weighted avg       0.99      0.99      0.99     12716
